111.19
90.72
86.13
84.42
92.31
112.01
132.45
141.58
152.77
165.51
166.48
169.36
169.3
169.98
168.86
170.23
177.44
182.57
177.09
173.39
171.73
162.6
151.4
140.1
131.84
129.35
119.89
120.33
128.3
137.8
141.44
159.61
164.21
170.4
175.25
176.89
170.1
169.41
154.89
152.44
161.43
161.88
152.3
143.64
136.91
120.93
108.22
81.34
80.78
81.42
80.77
80.76
80.58
82.29
111.55
134.52
136.25
150.09
150.97
153.93
152.67
154.99
152.91
154.73
166.52
167.96
161.65
161.59
159.74
139.61
136.31
126.79
110.7
108.9
108.13
109.01
110.97
120.04
133.0
142.13
160.53
177.46
180.09
184.18
182.68
182.36
182.31
180.08
197.56
223.77
201.42
197.88
192.91
176.77
158.05
153.51
140.49
139.06
137.98
138.11
138.42
138.94
115.37
123.3
134.33
150.61
155.64
157.55
160.54
165.36
159.75
160.42
171.74
173.62
175.15
164.35
160.89
150.24
145.77
142.97
140.97
137.05
132.67
129.91
129.77
133.51
119.31
130.63
137.5
146.96
147.89
148.93
149.67
149.69
149.85
148.81
152.23
157.34
153.67
152.19
158.37
148.92
145.59
139.72
136.08
133.84
131.72
129.91
131.41
133.83
125.97
126.74
134.0
145.2
148.43
149.9
151.79
151.14
149.04
149.1
150.22
150.15
149.28
148.52
143.93
145.53
140.29
135.48
138.48
134.39
134.27
134.39
137.97
143.9
151.51
177.55
182.09
186.44
187.27
187.44
188.09
192.41
187.39
185.04
197.43
195.43
189.34
183.67
175.94
159.89
144.68
134.08
134.4
133.29
129.2
129.33
131.49
134.39
146.58
171.7
203.57
178.97
206.65
208.89
209.91
209.72
206.16
203.12
209.47
215.77
178.13
202.13
167.38
161.05
145.23
133.88
127.8
123.45
115.06
110.43
116.26
123.66
129.41
148.51
151.61
154.83
155.46
158.88
152.72
149.96
144.51
140.94
152.48
155.37
150.26
146.2
136.13
120.18
121.82
96.94
101.98
91.99
84.24
80.82
86.6
104.16
119.85
135.84
144.42
156.85
155.29
156.68
153.22
157.62
151.97
156.36
164.63
168.82
164.7
163.29
157.54
142.59
140.82
124.89
136.89
127.86
126.06
128.37
137.24
140.11
145.72
172.58
177.69
178.25
176.08
178.74
175.85
175.56
173.99
171.86
178.35
190.67
184.68
175.28
165.43
142.46
142.21
131.14
131.63
123.8
120.33
116.47
120.4
121.17
129.6
135.3
142.97
152.73
159.77
163.88
157.3
152.25
147.16
148.86
165.89
166.85
166.31
156.36
146.47
139.61
136.55
132.76
130.25
124.48
120.24
119.33
121.3
124.53
127.51
133.28
134.9
144.64
148.86
154.99
157.66
156.37
151.16
154.56
160.4
169.17
168.08
166.24
159.84
157.51
143.95
142.27
139.17
138.96
138.96
138.91
139.04
149.74
158.11
202.54
210.3
226.49
228.76
235.62
234.91
259.11
233.89
219.55
270.53
348.82
283.5
254.09
202.97
180.32
155.72
149.19
155.21
154.29
153.71
153.71
154.57
154.87
160.82
212.79
227.41
256.5
257.48
273.89
265.03
264.32
240.81
219.66
306.17
365.86
307.84
262.75
206.44
177.03
153.14
150.47
151.51
150.17
146.64
146.68
147.33
151.92
163.17
196.36
205.22
221.12
212.93
208.98
201.66
201.43
197.25
192.9
208.96
253.84
202.48
196.37
184.36
170.35
150.08
147.33
143.4
141.74
135.8
135.85
136.23
144.09
149.46
183.5
180.63
190.92
187.6
187.32
187.6
188.69
182.8
182.42
192.25
206.25
196.57
187.75
178.77
161.7
143.81
139.65
141.61
137.12
137.13
137.14
137.19
144.98
151.87
192.51
196.65
206.29
200.97
202.9
200.43
196.94
193.18
190.91
196.12
207.41
199.56
191.44
178.26
164.65
148.64
142.6
144.99
140.1
139.08
139.3
139.91
146.57
149.29
152.3
164.19
179.74
198.36
210.32
206.13
197.62
185.38
185.61
234.13
269.89
266.27
221.32
182.2
163.79
149.0
144.88
148.68
142.18
140.14
137.64
138.82
139.63
136.4
137.45
141.19
157.04
162.36
162.94
161.67
157.04
153.16
156.05
162.11
167.87
173.98
162.32
165.58
147.26
143.18
135.96
136.34
135.77
134.4
135.38
135.96
146.33
154.58
180.13
196.15
214.66
207.68
215.27
204.78
217.8
198.05
192.5
208.57
241.15
196.37
196.35
178.97
164.49
144.67
140.12
149.33
148.0
144.75
144.99
148.14
150.35
158.07
191.02
208.96
210.45
208.4
217.87
225.16
226.92
208.89
207.79
240.66
298.44
270.06
216.79
197.72
182.96
150.33
146.0
155.95
154.76
150.91
150.96
156.09
157.27
165.33
194.05
212.34
234.69
225.21
247.24
246.43
247.34
222.83
210.66
272.61
401.85
295.7
248.33
202.13
183.13
159.38
155.94
155.43
153.87
152.34
152.33
152.88
155.08
160.97
188.31
199.5
200.97
207.62
223.14
218.37
211.39
206.14
206.09
215.76
243.91
207.37
197.2
182.92
176.5
153.47
151.44
148.08
146.71
144.75
143.55
146.63
148.16
153.97
186.13
203.08
203.03
193.37
199.95
197.03
198.96
190.86
191.73
194.59
223.5
195.66
190.52
177.83
168.13
147.72
147.36
147.89
143.05
139.37
138.98
139.03
139.09
139.25
142.1
144.82
156.4
165.34
168.21
163.23
162.4
150.95
148.44
148.43
155.53
147.78
146.61
146.0
141.68
135.77
132.28
131.9
121.8
117.17
116.87
117.37
117.35
109.55
117.28
122.85
130.82
136.86
142.71
140.29
140.68
138.82
137.88
154.9
164.82
166.21
165.21
152.74
147.31
140.33
128.44
135.12
126.18
125.76
126.28
135.54
139.97
152.73
181.01
198.56
203.25
201.02
205.43
203.36
205.58
197.76
187.08
196.71
215.47
194.11
187.4
178.05
153.0
143.1
141.4
140.11
139.26
136.49
136.41
136.74
144.42
149.9
179.06
201.1
201.9
202.56
204.48
202.53
213.93
202.06
192.75
202.28
220.06
212.42
201.65
179.45
164.94
146.71
143.49
147.84
145.62
145.02
145.15
145.61
149.0
156.29
187.7
204.81
212.66
208.73
211.13
210.23
211.25
192.05
193.89
198.77
212.66
193.38
187.48
180.03
163.06
146.71
145.66
